structure(list(c(3L, 31L), 0L, c(1L, 31L), 7L, 6L, 5L, 4L, 11L, 
    0L, 11L, c(8L, 10L), c(13L, 14L, 15L, 16L, 17L, 32L, 33L), 
    c(12L, 14L, 15L, 16L, 17L, 32L, 33L), c(12L, 13L, 15L, 16L, 
    17L, 32L, 33L), c(12L, 13L, 14L, 16L, 17L, 32L, 33L), c(12L, 
    13L, 14L, 15L, 17L, 32L, 33L), c(12L, 13L, 14L, 15L, 16L, 
    32L, 33L), 22L, c(20L, 21L, 23L), c(19L, 21L, 23L), c(19L, 
    20L, 23L), 18L, 19:21, 25:30, c(24L, 26L, 27L, 28L, 29L, 
    30L), c(24L, 25L, 27L, 28L, 29L, 30L), c(24L, 25L, 26L, 28L, 
    29L, 30L), c(24L, 25L, 26L, 27L, 29L, 30L), c(24L, 25L, 26L, 
    27L, 28L, 30L), 24:29, c(1L, 3L), c(12L, 13L, 14L, 15L, 16L, 
    17L, 33L), c(12L, 13L, 14L, 15L, 16L, 17L, 32L), c(39L, 227L, 
    228L, 233L, 234L), 412L, 37L, 36L, 0L, c(34L, 227L, 228L), 
    74:75, 0L, 43L, c(42L, 44L), 43L, 182L, 47L, 46L, 0L, 0L, 
    c(51L, 54L), c(50L, 54L), 53L, 52L, c(50L, 51L, 58L), 56:58, 
    c(55L, 57L, 58L), c(55L, 56L, 58L), 54:57, 63L, c(62L, 64L, 
    67L, 70L), 65:66, c(60L, 64L, 67L, 70L), 59L, c(60L, 62L, 
    67L), c(61L, 66L), c(61L, 65L), c(60L, 62L, 64L, 70L), 71:72, 
    0L, c(60L, 62L, 67L), c(68L, 72L), c(68L, 71L), 75L, c(40L, 
    75L), c(40L, 73L, 74L), 0L, 0L, 79L, 78L, c(81L, 90L), c(80L, 
    90L), 85L, c(84L, 85L, 92L), c(83L, 85L, 92L), c(82L, 83L, 
    84L, 87L, 88L, 92L), 96:99, c(85L, 88L, 89L, 92L), c(85L, 
    87L, 89L, 92L), c(87L, 88L, 91L, 93L, 94L, 95L), 80:81, c(89L, 
    93L, 94L, 95L), c(83L, 84L, 85L, 87L, 88L), c(89L, 91L, 94L, 
    95L), c(89L, 91L, 93L, 95L, 96L, 99L), c(89L, 91L, 93L, 94L, 
    96L), c(86L, 94L, 95L, 97L, 98L, 99L), c(86L, 96L, 98L, 99L
    ), c(86L, 96L, 97L, 99L), c(86L, 94L, 96L, 97L, 98L), 0L, 
    108L, c(104L, 105L, 108L, 117L, 124L), c(112L, 117L, 125L
    ), c(102L, 105L, 124L), c(102L, 104L, 124L), c(112L, 115L
    ), c(120L, 307L, 308L), 101:102, 0L, 122L, c(113L, 114L, 
    127L), c(103L, 106L, 115L, 125L), c(111L, 114L, 127L), c(111L, 
    113L, 127L), c(106L, 112L), 311L, c(102L, 103L, 125L, 127L
    ), 120L, 123L, c(107L, 118L), 0L, 110L, 119L, c(102L, 104L, 
    105L), c(103L, 112L, 117L), 128L, c(111L, 113L, 114L, 117L
    ), 126L, 130:132, c(129L, 131L, 132L), c(129L, 130L, 132L
    ), 129:131, 134:135, c(133L, 135L), 133:134, 137L, 136L, 
    139L, 138L, c(141L, 462L), c(140L, 462L), 150L, c(270L, 271L, 
    274L, 275L), c(149L, 151L, 272L, 273L), 276L, 0L, 0L, 276L, 
    c(144L, 151L, 272L, 273L), 142L, c(144L, 149L, 272L, 274L, 
    275L), 153:154, c(152L, 154L), 152:153, c(156L, 157L, 159L, 
    160L), c(155L, 157L, 159L, 165L), c(155L, 156L, 159L, 165L
    ), 159:160, c(155L, 156L, 157L, 158L, 160L), c(155L, 158L, 
    159L), 162L, 161L, 0L, c(165L, 166L, 168L, 216L, 220L, 221L, 
    223L), c(156L, 157L, 164L, 166L, 167L, 168L, 221L, 223L), 
    c(164L, 165L, 167L, 168L, 216L, 223L), c(165L, 166L, 168L
    ), 164:167, 170L, 169L, 172L, 171L, 0L, 0L, c(176L, 178L, 
    179L, 180L), c(175L, 177L), c(176L, 372L, 373L), c(175L, 
    179L, 180L), c(175L, 178L, 180L), c(175L, 178L, 179L, 182L
    ), 383L, c(45L, 180L), 184:185, c(183L, 185L, 193L), c(183L, 
    184L, 186L, 193L), c(185L, 193L, 450L, 453L, 454L), 188:191, 
    c(187L, 189L, 190L, 191L), c(187L, 188L, 190L, 191L), c(187L, 
    188L, 189L, 191L), 187:190, c(194L, 196L, 198L, 200L), c(184L, 
    185L, 186L, 194L, 454L), c(192L, 193L, 453L, 454L), c(197L, 
    198L, 200L), c(192L, 197L, 198L, 200L), c(195L, 196L, 198L, 
    200L), c(192L, 195L, 196L, 197L, 200L), 0L, c(192L, 195L, 
    196L, 197L, 198L), c(248L, 249L, 459L, 460L, 461L), 205:209, 
    211:213, 213L, c(202L, 206L, 207L, 208L, 209L), c(202L, 205L, 
    207L, 208L, 209L), c(202L, 205L, 206L, 208L, 209L), c(202L, 
    205L, 206L, 207L, 209L), c(202L, 205L, 206L, 207L, 208L), 
    0L, c(203L, 212L, 213L), c(203L, 211L, 213L), c(203L, 204L, 
    211L, 212L), c(215L, 217L, 219L, 222L), c(214L, 219L, 222L
    ), c(164L, 166L, 219L, 220L, 221L, 223L), c(214L, 218L, 219L, 
    222L, 224L, 225L), c(217L, 219L, 222L, 224L, 225L), c(214L, 
    215L, 216L, 217L, 218L, 222L, 224L, 225L), c(164L, 216L, 
    221L, 223L), c(164L, 165L, 216L, 220L, 223L), c(214L, 215L, 
    217L, 218L, 219L, 224L, 225L), c(164L, 165L, 166L, 216L, 
    220L, 221L), c(217L, 218L, 219L, 222L, 225L), c(217L, 218L, 
    219L, 222L, 224L), c(249L, 459L, 460L, 461L), c(34L, 39L, 
    228L, 229L, 233L, 234L), c(34L, 39L, 227L, 229L, 233L, 234L
    ), 227:228, 231L, c(230L, 232L), 231L, c(34L, 227L, 228L, 
    234L, 235L), c(34L, 227L, 228L, 233L, 235L), c(233L, 234L, 
    412L), c(237L, 238L, 451L, 455L), c(236L, 238L, 239L), c(236L, 
    237L, 239L), c(237L, 238L, 240L, 241L), c(239L, 241L), 239:240, 
    c(243L, 244L, 247L), c(242L, 244L, 247L), c(242L, 243L, 247L
    ), 246L, 245L, 242:244, c(201L, 249L, 459L, 460L, 461L), 
    c(201L, 226L, 248L, 459L, 460L, 461L), c(251L, 265L), c(250L, 
    265L), 288:290, 261L, c(255L, 268L, 269L), c(254L, 258L, 
    268L, 269L), 257L, 256L, 255L, c(260L, 320L, 321L, 322L), 
    c(259L, 312L, 313L, 314L, 320L, 321L, 322L), 253L, 263L, 
    262L, 0L, 250:251, 267L, 266L, c(254L, 255L, 269L), c(254L, 
    255L, 268L), c(143L, 271L, 274L, 275L), c(143L, 270L), c(144L, 
    149L, 151L, 273L), c(144L, 149L, 272L), c(143L, 151L, 270L, 
    275L), c(143L, 151L, 270L, 274L), c(145L, 148L), 457:458, 
    0L, 280:284, c(279L, 281L, 282L, 299L, 300L), c(279L, 280L, 
    282L, 284L), c(279L, 280L, 281L, 283L, 284L), c(279L, 282L, 
    284L), c(279L, 281L, 282L, 283L), c(286L, 287L, 293L, 294L
    ), c(285L, 287L, 293L, 294L), c(285L, 286L, 293L, 294L, 298L, 
    300L), c(252L, 289L, 290L, 291L), c(252L, 288L, 290L, 291L
    ), c(252L, 288L, 289L), c(288L, 289L, 294L), 294L, c(285L, 
    286L, 287L, 294L, 298L, 300L), c(285L, 286L, 287L, 291L, 
    292L, 293L), 296:297, c(295L, 297L), 295:296, c(287L, 293L, 
    299L, 300L), c(280L, 298L, 300L), c(280L, 287L, 293L, 298L, 
    299L), 302:304, c(301L, 304L), 301L, 301:302, c(306L, 307L, 
    308L, 310L), c(305L, 307L, 308L, 310L), c(107L, 305L, 306L, 
    308L, 310L), c(107L, 305L, 306L, 307L, 310L), 310:311, c(305L, 
    306L, 307L, 308L, 309L, 311L), c(116L, 309L, 310L), c(260L, 
    313L, 314L, 320L, 321L, 322L, 329L), c(260L, 312L, 314L, 
    320L, 321L, 322L, 329L), c(260L, 312L, 313L, 320L, 321L, 
    322L, 329L), 316:317, c(315L, 317L), 315:316, 319L, 318L, 
    c(259L, 260L, 312L, 313L, 314L, 321L, 322L, 323L, 324L, 329L
    ), c(259L, 260L, 312L, 313L, 314L, 320L, 322L, 323L, 324L, 
    329L), c(259L, 260L, 312L, 313L, 314L, 320L, 321L, 323L, 
    324L, 329L), c(320L, 321L, 322L, 324L), 320:323, c(326L, 
    329L), c(325L, 329L), 328L, 327L, c(312L, 313L, 314L, 320L, 
    321L, 322L, 325L, 326L), c(334L, 335L, 342L, 346L, 347L, 
    348L, 349L, 350L), c(341L, 354L, 355L, 356L, 359L), 333L, 
    332L, c(330L, 335L, 342L, 346L, 347L, 348L, 349L, 350L), 
    c(330L, 334L, 336L, 337L, 342L, 347L, 348L, 349L, 350L), 
    c(335L, 337L, 342L, 347L, 348L, 349L, 350L, 351L, 352L), 
    c(335L, 336L, 350L, 351L, 352L, 353L), 0L, 343L, 344L, c(331L, 
    354L, 355L, 356L, 359L), c(330L, 334L, 335L, 336L, 346L, 
    347L, 348L, 349L, 350L), 339L, 340L, 347L, c(330L, 334L, 
    342L, 348L, 349L, 350L), c(330L, 334L, 335L, 336L, 342L, 
    345L, 348L, 349L, 350L), c(330L, 334L, 335L, 336L, 342L, 
    346L, 347L, 349L, 350L), c(330L, 334L, 335L, 336L, 342L, 
    346L, 347L, 348L, 350L), c(330L, 334L, 335L, 336L, 337L, 
    342L, 346L, 347L, 348L, 349L), c(336L, 337L, 352L, 353L), 
    c(336L, 337L, 351L, 353L), c(337L, 351L, 352L), c(331L, 341L, 
    355L, 356L, 357L, 358L, 359L), c(331L, 341L, 354L, 356L, 
    357L, 358L, 359L), c(331L, 341L, 354L, 355L, 357L, 358L, 
    359L), c(354L, 355L, 356L, 358L, 359L), c(354L, 355L, 356L, 
    357L, 359L), c(331L, 341L, 354L, 355L, 356L, 357L, 358L), 
    0L, 362L, 361L, 365:367, 368:371, c(363L, 366L, 367L), c(363L, 
    365L, 367L), c(363L, 365L, 366L), c(364L, 369L, 370L, 371L
    ), c(364L, 368L, 370L, 371L), c(364L, 368L, 369L, 371L), 
